phi(20,0)
          0.999791449912      5.10374043053e-005      4.69769058557e-005           19.9986105457       0.000344485775519       0.000315004905618        -4.18727914e-013           249.325398126     -7.88656246882e-007
      5.10372857847e-005           1.00013105813       0.000319525139904       0.000344485711883            20.000887281        0.00212851097752     -2.84794296036e-012            1696.0678591     -1.39548873909e-006
      4.69766877245e-005       0.000319524398352           1.00007753871       0.000315004799188        0.00212851065534           20.0005021709     -2.61717607214e-012          -920.002678521      1.64567424183e-006
     -2.08400149199e-005      5.16791577017e-006      4.72475869704e-006          0.999791733608      5.23170599968e-005      4.75146775342e-005     -4.22748335752e-014           24.8276433094     -7.87908466515e-008
      5.16789302185e-006      1.33129491365e-005      3.19278168585e-005      5.23169414888e-005              1.00013516       0.000319007538445     -2.85653500556e-013           167.806773084     -1.38913736664e-007
      4.72471667384e-006       3.1927673402e-005      7.53641447024e-006       4.7514459469e-005       0.000319006797104           1.00007315288     -2.60756681803e-013          -93.7197084849      1.65045181034e-007
                       0                       0                       0                       0                       0                       0                       1                       0                       0
                       0                       0                       0                       0                       0                       0                       0                       1                       0
                       0                       0                       0                       0                       0                       0                       0                       0                       1

phi(18340,0)
         -0.616427764975          -11.0902065782           -10.322380477          -4174.38626236          -9188.75335432           10552.2303097      1.82823858434e-007          -55451122.9669           1.36087787207
          -2.85151970833          -18.6536459142          -18.3027844025          -7704.60804153          -16118.7137877           18729.9135645      3.24100644125e-007           -58773945.366           2.21201761337
           5.01767677069           34.4992296182           33.1013477828           13508.2045768           28583.4879404          -32615.1552117     -5.68520848896e-007           109778994.208          -4.57747754265
       0.000799903195927        0.00680753691194        0.00633657817886           3.61941394161           5.59882083469           -6.4225819708     -1.11736420942e-010           9732.02290012      -0.000820498938093
        0.00525838818842         0.0359487426774         0.0336127215768           14.0365813459           30.6797928483          -34.0340374188      -5.9283119321e-010           121949.210357       -0.00448453330932
        0.00333619090095         0.0228874271035         0.0210626833205           8.86261097902           18.7709787521          -20.5051552194     -3.74818578849e-010           70925.1102015       -0.00303132513226
                       0                       0                       0                       0                       0                       0                       1                       0                       0
                       0                       0                       0                       0                       0                       0                       0                       1                       0
                       0                       0                       0                       0                       0                       0                       0                       0                       1

